ni: 10  20      29.9964 29.9991 19.9995 10
u: 0    0.5     0.25    0.166667        0.125   0.1
l: 0.333333     0.2     0.142857        0.111111        0.0909091       0
r:  31  40.63   30.2765 30.2807 40.3193 30.1818
x: 3.1  2.00647 1.00102 0.998292        1.99715 3.01818